1 0 0 4476593520
-1 0 0 4779988096
1 0 0 4779987792
1 0 0 4780183376
1 0 0 4780183056
1 0 0 4780802464
1 0 0 4476593520
-1 0 0 4779988096
1 0 0 4779987792
1 0 0 4780183376
1 0 0 4780183056
1 0 0 4780802464
1 0 0 4476593520
-1 0 0 4779988096
1 0 0 4779987792
1 0 0 4780183376
1 0 0 4780183056
1 0 0 4780802464
1 0 0 4476593520
-1 0 0 4779988096
1 0 0 4779987792
1 0 0 4780183376
1 0 0 4780183056
1 0 0 4780802464
1 0 0 4476593520
-1 0 0 4779988096
1 0 0 4779987792
1 0 0 4780183376
1 0 0 4780183056
1 0 0 4780802464
1 0 0 4476593520
-1 0 0 4779988096
1 0 0 4779987792
1 0 0 4780183376
1 0 0 4780183056
1 0 0 4780802464
1 0 0 4476593520
-1 0 0 4779988096
1 0 0 4779987792
1 0 0 4780183376
1 0 0 4780183056
1 0 0 4780802464
1 0 0 4476593520
-1 0 0 4779988096
1 0 0 4779987792
1 0 0 4780183376
1 0 0 4780183056
1 0 0 4780802464
1 0 0 4476593520
-1 0 0 4779988096
1 0 0 4779987792
1 0 0 4780183376
1 0 0 4780183056
1 0 0 4780802464
1 0 0 4476593520
-1 0 0 4779988096
1 0 0 4779987792
1 0 0 4780183376
1 0 0 4780183056
1 0 0 4780802464
1 0 0 4476593520
-1 0 0 4779988096
1 0 0 4779987792
1 0 0 4780183376
1 0 0 4780183056
1 0 0 4780802464
1 0 0 4476593520
-1 0 0 4779988096
1 0 0 4779987792
1 0 0 4780183376
1 0 0 4780183056
1 0 0 4780802464
1 0 0 4476593520
-1 0 0 4779988096
1 0 0 4779987792
1 0 0 4780183376
1 0 0 4780183056
1 0 0 4780802464
1 0 0 4476593520
-1 0 0 4779988096
1 0 0 4779987792
1 0 0 4780183376
1 0 0 4780183056
1 0 0 4780802464
1 0 0 4476593520
-1 0 0 4779988096
1 0 0 4779987792
1 0 0 4780183376
1 0 0 4780183056
1 0 0 4780802464
1 0 0 4476593520
-1 0 0 4779988096
1 0 0 4779987792
1 0 0 4780183376
1 0 0 4780183056
1 0 0 4780802464
1 0 0 4476593520
-1 0 0 4779988096
1 0 0 4779987792
1 0 0 4780183376
1 0 0 4780183056
1 0 0 4780802464
1 0 0 4476593520
-1 0 0 4779988096
1 0 0 4779987792
1 0 0 4780183376
1 0 0 4780183056
1 0 0 4780802464
1 0 0 4476593520
-1 0 0 4779988096
1 0 0 4779987792
1 0 0 4780183376
1 0 0 4780183056
1 0 0 4780802464
1 0 0 4476593520
-1 0 0 4779988096
1 0 0 4779987792
1 0 0 4780183376
1 0 0 4780183056
1 0 0 4780802464
1 0 0 4476593520
-1 0 0 4779988096
1 0 0 4779987792
1 0 0 4780183376
1 0 0 4780183056
1 0 0 4780802464
1 0 0 4476593520
-1 0 0 4779988096
1 0 0 4779987792
1 0 0 4780183376
1 0 0 4780183056
1 0 0 4780802464
1 0 0 4476593520
-1 0 0 4779988096
1 0 0 4779987792
1 0 0 4780183376
1 0 0 4780183056
1 0 0 4780802464
1 0 0 4476593520
-1 0 0 4779988096
1 0 0 4779987792
1 0 0 4780183376
1 0 0 4780183056
1 0 0 4780802464
1 0 0 4476593520
-1 0 0 4779988096
1 0 0 4779987792
1 0 0 4780183376
1 0 0 4780183056
1 0 0 4780802464
1 0 0 4476593520
-1 0 0 4779988096
1 0 0 4779987792
1 0 0 4780183376
1 0 0 4780183056
1 0 0 4780802464
1 0 0 4476593520
-1 0 0 4779988096
1 0 0 4779987792
1 0 0 4780183376
1 0 0 4780183056
1 0 0 4780802464
1 0 0 4476593520
-1 0 0 4779988096
1 0 0 4779987792
1 0 0 4780183376
1 0 0 4780183056
1 0 0 4780802464
1 0 0 4476593520
-1 0 0 4779988096
1 0 0 4779987792
1 0 0 4780183376
1 0 0 4780183056
1 0 0 4780802464
1 0 0 4476593520
-1 0 0 4779988096
1 0 0 4779987792
1 0 0 4780183376
1 0 0 4780183056
1 0 0 4780802464
1 0 0 4476593520
-1 0 0 4779988096
1 0 0 4779987792
1 0 0 4780183376
1 0 0 4780183056
1 0 0 4780802464
1 0 0 4476593520
-1 0 0 4779988096
1 0 0 4779987792
1 0 0 4780183376
1 0 0 4780183056
1 0 0 4780802464
1 0 0 4476593520
-1 0 0 4779988096
1 0 0 4779987792
1 0 0 4780183376
1 0 0 4780183056
1 0 0 4780802464
1 0 0 4476593520
-1 0 0 4779988096
1 0 0 4779987792
1 0 0 4780183376
1 0 0 4780183056
1 0 0 4780802464
1 0 0 4476593520
-1 0 0 4779988096
1 0 0 4779987792
1 0 0 4780183376
1 0 0 4780183056
1 0 0 4780802464
1 0 0 4476593520
-1 0 0 4779988096
1 0 0 4779987792
1 0 0 4780183376
1 0 0 4780183056
1 0 0 4780802464
1 0 0 4476593520
-1 0 0 4779988096
1 0 0 4779987792
1 0 0 4780183376
1 0 0 4780183056
1 0 0 4780802464
1 0 0 4476593520
-1 0 0 4779988096
1 0 0 4779987792
1 0 0 4780183376
1 0 0 4780183056
1 0 0 4780802464
1 0 0 4476593520
-1 0 0 4779988096
1 0 0 4779987792
1 0 0 4780183376
1 0 0 4780183056
1 0 0 4780802464
1 0 0 4476593520
-1 0 0 4779988096
1 0 0 4779987792
1 0 0 4780183376
1 0 0 4780183056
1 0 0 4780802464
1 0 0 4476593520
-1 0 0 4779988096
1 0 0 4779987792
1 0 0 4780183376
1 0 0 4780183056
1 0 0 4780802464
1 0 0 4476593520
-1 0 0 4779988096
1 0 0 4779987792
1 0 0 4780183376
1 0 0 4780183056
1 0 0 4780802464
1 0 0 4476593520
-1 0 0 4779988096
1 0 0 4779987792
1 0 0 4780183376
1 0 0 4780183056
1 0 0 4780802464
1 0 0 4476593520
-1 0 0 4779988096
1 0 0 4779987792
1 0 0 4780183376
1 0 0 4780183056
1 0 0 4780802464
1 0 0 4476593520
-1 0 0 4779988096
1 0 0 4779987792
1 0 0 4780183376
1 0 0 4780183056
1 0 0 4780802464
1 0 0 4476593520
-1 0 0 4779988096
1 0 0 4779987792
1 0 0 4780183376
1 0 0 4780183056
1 0 0 4780802464
1 0 0 4476593520
-1 0 0 4779988096
1 0 0 4779987792
1 0 0 4780183376
1 0 0 4780183056
1 0 0 4780802464
1 0 0 4476593520
-1 0 0 4779988096
1 0 0 4779987792
1 0 0 4780183376
1 0 0 4780183056
1 0 0 4780802464
1 0 0 4476593520
-1 0 0 4779988096
1 0 0 4779987792
1 0 0 4780183376
1 0 0 4780183056
1 0 0 4780802464
1 0 0 4476593520
-1 0 0 4779988096
1 0 0 4779987792
1 0 0 4780183376
1 0 0 4780183056
1 0 0 4780802464
1 0 0 4476593520
-1 0 0 4779988096
1 0 0 4779987792
1 0 0 4780183376
1 0 0 4780183056
1 0 0 4780802464
1 0 0 4476593520
-1 0 0 4779988096
1 0 0 4779987792
1 0 0 4780183376
1 0 0 4780183056
1 0 0 4780802464
1 0 0 4476593520
-1 0 0 4779988096
1 0 0 4779987792
1 0 0 4780183376
1 0 0 4780183056
1 0 0 4780802464
1 0 0 4476593520
-1 0 0 4779988096
1 0 0 4779987792
1 0 0 4780183376
1 0 0 4780183056
1 0 0 4780802464
1 0 0 4476593520
-1 0 0 4779988096
1 0 0 4779987792
1 0 0 4780183376
1 0 0 4780183056
1 0 0 4780802464
1 0 0 4476593520
-1 0 0 4779988096
1 0 0 4779987792
1 0 0 4780183376
1 0 0 4780183056
1 0 0 4780802464
1 0 0 4476593520
-1 0 0 4779988096
1 0 0 4779987792
1 0 0 4780183376
1 0 0 4780183056
1 0 0 4780802464
1 0 0 4476593520
1 100 70 4779988096
1 0 0 4779987792
1 0 0 4780183376
1 0 0 4780183056
1 0 0 4780802464
1 0 0 4476593520
-1 -100 69 4779988096
1 0 0 4779987792
1 0 0 4780183376
1 0 0 4780183056
1 0 0 4780802464
1 0 0 4476593520
1 100 68 4779988096
1 0 0 4779987792
1 0 0 4780183376
1 0 0 4780183056
1 0 0 4780802464
1 0 0 4476593520
-1 -100 67 4779988096
1 0 0 4779987792
1 0 0 4780183376
1 0 0 4780183056
1 0 0 4780802464
1 0 0 4476593520
1 100 66 4779988096
1 0 0 4779987792
-1 -100 188 4780183376
1 0 0 4780183056
1 0 0 4780802464
1 0 0 4476593520
-1 -100 65 4779988096
1 0 0 4779987792
1 100 187 4780183376
1 0 0 4780183056
1 0 0 4780802464
1 0 0 4476593520
1 100 64 4779988096
1 0 0 4779987792
-1 -100 186 4780183376
1 0 0 4780183056
1 0 0 4780802464
1 0 0 4476593520
-1 -100 63 4779988096
1 0 0 4779987792
1 100 185 4780183376
1 0 0 4780183056
1 0 0 4780802464
1 0 0 4476593520
1 100 62 4779988096
1 0 0 4779987792
-1 -100 184 4780183376
1 0 0 4780183056
1 0 0 4780802464
1 0 0 4476593520
-1 -100 61 4779988096
1 0 0 4779987792
1 100 183 4780183376
1 0 0 4780183056
1 0 0 4780802464
1 0 0 4476593520
1 100 60 4779988096
1 0 0 4779987792
-1 -100 182 4780183376
1 0 0 4780183056
1 0 0 4780802464
1 0 0 4476593520
-1 -100 59 4779988096
1 0 0 4779987792
1 100 181 4780183376
1 0 0 4780183056
1 0 0 4780802464
1 0 0 4476593520
1 100 58 4779988096
1 0 0 4779987792
-1 -100 180 4780183376
1 0 0 4780183056
1 0 0 4780802464
1 0 0 4476593520
-1 -100 57 4779988096
1 0 0 4779987792
1 100 179 4780183376
1 0 0 4780183056
1 0 0 4780802464
1 0 0 4476593520
1 100 56 4779988096
1 0 0 4779987792
-1 -100 178 4780183376
1 0 0 4780183056
1 0 0 4780802464
1 0 0 4476593520
-1 -100 55 4779988096
1 0 0 4779987792
1 100 177 4780183376
1 0 0 4780183056
1 0 0 4780802464
1 0 0 4476593520
1 100 54 4779988096
1 0 0 4779987792
-1 -100 176 4780183376
1 0 0 4780183056
1 0 0 4780802464
1 0 0 4476593520
-1 -100 53 4779988096
1 0 0 4779987792
1 100 175 4780183376
1 0 0 4780183056
1 0 0 4780802464
1 0 0 4476593520
1 100 52 4779988096
1 0 0 4779987792
-1 -100 174 4780183376
1 0 0 4780183056
1 0 0 4780802464
1 0 0 4476593520
-1 -100 51 4779988096
1 0 0 4779987792
1 100 173 4780183376
1 0 0 4780183056
1 0 0 4780802464
1 0 0 4476593520
1 100 50 4779988096
1 0 0 4779987792
-1 -100 172 4780183376
1 0 0 4780183056
1 0 0 4780802464
1 0 0 4476593520
-1 -100 49 4779988096
1 0 0 4779987792
1 100 171 4780183376
1 0 0 4780183056
1 0 0 4780802464
1 0 0 4476593520
1 100 48 4779988096
1 0 0 4779987792
-1 -100 170 4780183376
1 0 0 4780183056
1 0 0 4780802464
1 0 0 4476593520
-1 -100 47 4779988096
1 0 0 4779987792
1 100 169 4780183376
1 0 0 4780183056
1 0 0 4780802464
1 0 0 4476593520
1 100 46 4779988096
1 0 0 4779987792
-1 -100 168 4780183376
1 0 0 4780183056
1 0 0 4780802464
1 0 0 4476593520
-1 -100 45 4779988096
1 0 0 4779987792
1 100 167 4780183376
1 0 0 4780183056
-1 -100 236 4780802464
1 0 0 4476593520
1 100 44 4779988096
1 0 0 4779987792
-1 -100 166 4780183376
1 0 0 4780183056
1 100 235 4780802464
1 0 0 4476593520
-1 -100 43 4779988096
1 0 0 4779987792
1 100 165 4780183376
1 0 0 4780183056
-1 -100 234 4780802464
1 0 0 4476593520
1 100 42 4779988096
1 0 0 4779987792
-1 -100 164 4780183376
1 0 0 4780183056
1 100 233 4780802464
1 0 0 4476593520
-1 -100 41 4779988096
1 0 0 4779987792
1 100 163 4780183376
1 0 0 4780183056
-1 -100 232 4780802464
1 0 0 4476593520
1 100 40 4779988096
1 0 0 4779987792
-1 -100 162 4780183376
1 0 0 4780183056
1 100 231 4780802464
1 0 0 4476593520
-1 -100 39 4779988096
1 0 0 4779987792
1 100 161 4780183376
1 0 0 4780183056
-1 -100 230 4780802464
1 0 0 4476593520
1 100 38 4779988096
1 0 0 4779987792
-1 -100 160 4780183376
1 0 0 4780183056
1 100 229 4780802464
1 0 0 4476593520
-1 -100 37 4779988096
1 0 0 4779987792
1 100 159 4780183376
1 0 0 4780183056
-1 -100 228 4780802464
1 0 0 4476593520
1 100 36 4779988096
1 0 0 4779987792
-1 -100 158 4780183376
1 0 0 4780183056
1 100 227 4780802464
1 0 0 4476593520
-1 -100 35 4779988096
1 0 0 4779987792
1 100 157 4780183376
1 0 0 4780183056
-1 -100 226 4780802464
1 0 0 4476593520
1 100 34 4779988096
1 0 0 4779987792
-1 -100 156 4780183376
1 0 0 4780183056
1 100 225 4780802464
1 0 0 4476593520
-1 -100 33 4779988096
1 0 0 4779987792
1 100 155 4780183376
1 0 0 4780183056
-1 -100 224 4780802464
1 0 0 4476593520
1 100 32 4779988096
1 0 0 4779987792
-1 -100 154 4780183376
1 0 0 4780183056
1 100 223 4780802464
1 0 0 4476593520
-1 -100 31 4779988096
1 0 0 4779987792
1 100 153 4780183376
1 0 0 4780183056
-1 -100 222 4780802464
1 0 0 4476593520
1 100 30 4779988096
1 0 0 4779987792
-1 -100 152 4780183376
1 0 0 4780183056
1 100 221 4780802464
1 0 0 4476593520
-1 -100 29 4779988096
1 0 0 4779987792
1 100 151 4780183376
1 0 0 4780183056
-1 -100 220 4780802464
1 0 0 4476593520
1 100 28 4779988096
1 0 0 4779987792
-1 -100 150 4780183376
1 0 0 4780183056
1 100 219 4780802464
1 0 0 4476593520
-1 -100 27 4779988096
1 0 0 4779987792
1 100 149 4780183376
1 0 0 4780183056
-1 -100 218 4780802464
1 0 0 4476593520
1 100 26 4779988096
1 0 0 4779987792
-1 -100 148 4780183376
1 0 0 4780183056
1 100 217 4780802464
1 0 0 4476593520
-1 -100 25 4779988096
1 0 0 4779987792
1 100 147 4780183376
1 0 0 4780183056
-1 -100 216 4780802464
1 0 0 4476593520
1 100 24 4779988096
1 0 0 4779987792
-1 -100 146 4780183376
1 0 0 4780183056
1 100 215 4780802464
1 0 0 4476593520
-1 -100 23 4779988096
1 0 0 4779987792
1 100 145 4780183376
1 0 0 4780183056
-1 -100 214 4780802464
1 0 0 4476593520
1 100 22 4779988096
1 0 0 4779987792
-1 -100 144 4780183376
1 0 0 4780183056
1 100 213 4780802464
1 0 0 4476593520
-1 -100 21 4779988096
1 0 0 4779987792
1 100 143 4780183376
1 0 0 4780183056
-1 -100 212 4780802464
1 0 0 4476593520
1 100 20 4779988096
1 0 0 4779987792
-1 -100 142 4780183376
1 0 0 4780183056
1 100 211 4780802464
1 0 0 4476593520
-1 -100 19 4779988096
1 0 0 4779987792
1 100 141 4780183376
1 0 0 4780183056
-1 -100 210 4780802464
1 0 0 4476593520
1 100 18 4779988096
1 0 0 4779987792
-1 -100 140 4780183376
1 0 0 4780183056
1 100 209 4780802464
1 0 0 4476593520
-1 -100 17 4779988096
1 0 0 4779987792
1 100 139 4780183376
1 0 0 4780183056
-1 -100 208 4780802464
1 0 0 4476593520
1 100 16 4779988096
1 0 0 4779987792
-1 -100 138 4780183376
1 0 0 4780183056
1 100 207 4780802464
1 0 0 4476593520
-1 -100 15 4779988096
1 0 0 4779987792
1 100 137 4780183376
1 0 0 4780183056
-1 -100 206 4780802464
1 0 0 4476593520
1 100 14 4779988096
1 0 0 4779987792
-1 -100 136 4780183376
1 0 0 4780183056
1 100 205 4780802464
1 0 0 4476593520
-1 -100 13 4779988096
1 0 0 4779987792
1 100 135 4780183376
1 0 0 4780183056
-1 -100 204 4780802464
1 0 0 4476593520
1 100 12 4779988096
1 0 0 4779987792
-1 -100 134 4780183376
1 0 0 4780183056
1 100 203 4780802464
1 0 0 4476593520
-1 -100 11 4779988096
1 0 0 4779987792
1 100 133 4780183376
1 0 0 4780183056
-1 -100 202 4780802464
1 0 0 4476593520
1 100 10 4779988096
1 0 0 4779987792
-1 -100 132 4780183376
1 0 0 4780183056
1 100 201 4780802464
1 0 0 4476593520
-1 -100 9 4779988096
1 0 0 4779987792
1 100 131 4780183376
1 0 0 4780183056
-1 -100 200 4780802464
1 0 0 4476593520
1 100 8 4779988096
1 0 0 4779987792
-1 -100 130 4780183376
1 0 0 4780183056
1 100 199 4780802464
1 0 0 4476593520
-1 -100 7 4779988096
1 0 0 4779987792
1 100 129 4780183376
1 0 0 4780183056
-1 -100 198 4780802464
1 0 0 4476593520
1 100 6 4779988096
1 0 0 4779987792
-1 -100 128 4780183376
1 0 0 4780183056
1 100 197 4780802464
1 0 0 4476593520
-1 -100 5 4779988096
1 0 0 4779987792
1 100 127 4780183376
1 0 0 4780183056
-1 -100 196 4780802464
1 0 0 4476593520
1 100 4 4779988096
1 0 0 4779987792
-1 -100 126 4780183376
1 0 0 4780183056
1 100 195 4780802464
1 0 0 4476593520
-1 -100 3 4779988096
1 0 0 4779987792
1 100 125 4780183376
1 0 0 4780183056
-1 -100 194 4780802464
1 0 0 4476593520
1 100 2 4779988096
1 0 0 4779987792
-1 -100 124 4780183376
1 0 0 4780183056
1 100 193 4780802464
1 0 0 4476593520
-1 -100 1 4779988096
1 0 0 4779987792
1 100 123 4780183376
1 0 0 4780183056
-1 -100 192 4780802464
1 0 0 4476593520
-1 0 0 4779988096
1 0 0 4779987792
-1 -100 122 4780183376
1 0 0 4780183056
1 100 191 4780802464
1 0 0 4476593520
-1 0 0 4779988096
1 0 0 4779987792
1 100 121 4780183376
1 0 0 4780183056
-1 -100 190 4780802464
1 0 0 4476593520
-1 0 0 4779988096
1 0 0 4779987792
-1 -100 120 4780183376
1 0 0 4780183056
1 100 189 4780802464
1 0 0 4476593520
-1 0 0 4779988096
1 0 0 4779987792
1 100 119 4780183376
1 0 0 4780183056
-1 -100 188 4780802464
1 0 0 4476593520
1 100 183 4779988096
1 0 0 4779987792
-1 -100 118 4780183376
1 0 0 4780183056
1 100 187 4780802464
1 0 0 4476593520
-1 -100 182 4779988096
1 0 0 4779987792
1 100 117 4780183376
1 0 0 4780183056
-1 -100 186 4780802464
1 0 0 4476593520
1 100 181 4779988096
1 0 0 4779987792
-1 -100 116 4780183376
1 0 0 4780183056
1 100 185 4780802464
1 0 0 4476593520
-1 -100 180 4779988096
1 0 0 4779987792
1 100 115 4780183376
1 0 0 4780183056
-1 -100 184 4780802464
1 0 0 4476593520
1 100 179 4779988096
1 0 0 4779987792
-1 -100 114 4780183376
1 0 0 4780183056
1 100 183 4780802464
1 0 0 4476593520
-1 -100 178 4779988096
1 0 0 4779987792
1 100 113 4780183376
1 0 0 4780183056
-1 -100 182 4780802464
1 0 0 4476593520
1 100 177 4779988096
1 0 0 4779987792
-1 -100 112 4780183376
1 0 0 4780183056
1 100 181 4780802464
1 0 0 4476593520
-1 -100 176 4779988096
1 0 0 4779987792
1 100 111 4780183376
1 0 0 4780183056
-1 -100 180 4780802464
1 0 0 4476593520
1 100 175 4779988096
1 0 0 4779987792
-1 -100 110 4780183376
1 0 0 4780183056
1 100 179 4780802464
1 0 0 4476593520
-1 -100 174 4779988096
1 0 0 4779987792
1 100 109 4780183376
1 0 0 4780183056
-1 -100 178 4780802464
1 0 0 4476593520
1 100 173 4779988096
1 0 0 4779987792
-1 -100 108 4780183376
1 0 0 4780183056
1 100 177 4780802464
1 0 0 4476593520
-1 -100 172 4779988096
1 0 0 4779987792
1 100 107 4780183376
1 0 0 4780183056
-1 -100 176 4780802464
1 0 0 4476593520
1 100 171 4779988096
1 0 0 4779987792
-1 -100 106 4780183376
1 0 0 4780183056
1 100 175 4780802464
1 0 0 4476593520
-1 -100 170 4779988096
1 0 0 4779987792
1 100 105 4780183376
1 0 0 4780183056
-1 -100 174 4780802464
1 0 0 4476593520
1 100 169 4779988096
1 0 0 4779987792
-1 -100 104 4780183376
1 0 0 4780183056
1 100 173 4780802464
1 0 0 4476593520
-1 -100 168 4779988096
1 0 0 4779987792
1 100 103 4780183376
1 0 0 4780183056
-1 -100 172 4780802464
1 0 0 4476593520
1 100 167 4779988096
1 0 0 4779987792
-1 -100 102 4780183376
1 0 0 4780183056
1 100 171 4780802464
1 0 0 4476593520
-1 -100 166 4779988096
1 0 0 4779987792
1 100 101 4780183376
1 0 0 4780183056
-1 -100 170 4780802464
1 0 0 4476593520
1 100 165 4779988096
1 0 0 4779987792
-1 -100 100 4780183376
1 0 0 4780183056
1 100 169 4780802464
1 0 0 4476593520
-1 -100 164 4779988096
1 0 0 4779987792
1 100 99 4780183376
1 0 0 4780183056
-1 -100 168 4780802464
1 0 0 4476593520
1 100 163 4779988096
1 0 0 4779987792
-1 -100 98 4780183376
1 0 0 4780183056
1 100 167 4780802464
1 0 0 4476593520
-1 -100 162 4779988096
1 0 0 4779987792
1 100 97 4780183376
1 0 0 4780183056
-1 -100 166 4780802464
1 0 0 4476593520
1 100 161 4779988096
1 0 0 4779987792
-1 -100 96 4780183376
1 0 0 4780183056
1 100 165 4780802464
1 0 0 4476593520
-1 -100 160 4779988096
1 0 0 4779987792
1 100 95 4780183376
1 0 0 4780183056
-1 -100 164 4780802464
1 0 0 4476593520
1 100 159 4779988096
1 0 0 4779987792
-1 -100 94 4780183376
1 0 0 4780183056
1 100 163 4780802464
1 0 0 4476593520
-1 -100 158 4779988096
1 0 0 4779987792
1 100 93 4780183376
1 0 0 4780183056
-1 -100 162 4780802464
1 0 0 4476593520
1 100 157 4779988096
1 0 0 4779987792
-1 -100 92 4780183376
1 0 0 4780183056
1 100 161 4780802464
1 0 0 4476593520
-1 -100 156 4779988096
1 0 0 4779987792
1 100 91 4780183376
1 0 0 4780183056
-1 -100 160 4780802464
1 0 0 4476593520
1 100 155 4779988096
1 0 0 4779987792
-1 -100 90 4780183376
1 0 0 4780183056
1 100 159 4780802464
1 0 0 4476593520
-1 -100 154 4779988096
1 0 0 4779987792
1 100 89 4780183376
1 0 0 4780183056
-1 -100 158 4780802464
1 0 0 4476593520
1 100 153 4779988096
1 0 0 4779987792
-1 -100 88 4780183376
1 0 0 4780183056
1 100 157 4780802464
1 0 0 4476593520
-1 -100 152 4779988096
1 0 0 4779987792
1 100 87 4780183376
1 0 0 4780183056
-1 -100 156 4780802464
1 0 0 4476593520
1 100 151 4779988096
1 0 0 4779987792
-1 -100 86 4780183376
1 0 0 4780183056
1 100 155 4780802464
1 0 0 4476593520
-1 -100 150 4779988096
1 0 0 4779987792
1 100 85 4780183376
1 0 0 4780183056
-1 -100 154 4780802464
1 0 0 4476593520
1 100 149 4779988096
1 0 0 4779987792
-1 -100 84 4780183376
1 0 0 4780183056
1 100 153 4780802464
1 0 0 4476593520
-1 -100 148 4779988096
1 0 0 4779987792
1 100 83 4780183376
1 0 0 4780183056
-1 -100 152 4780802464
1 0 0 4476593520
1 100 147 4779988096
1 0 0 4779987792
-1 -100 82 4780183376
1 0 0 4780183056
1 100 151 4780802464
1 0 0 4476593520
-1 -100 146 4779988096
1 0 0 4779987792
1 100 81 4780183376
1 0 0 4780183056
-1 -100 150 4780802464
1 0 0 4476593520
1 100 145 4779988096
1 0 0 4779987792
-1 -100 80 4780183376
1 0 0 4780183056
1 100 149 4780802464
1 0 0 4476593520
-1 -100 144 4779988096
1 0 0 4779987792
1 100 79 4780183376
1 0 0 4780183056
-1 -100 148 4780802464
1 0 0 4476593520
1 100 143 4779988096
1 0 0 4779987792
-1 -100 78 4780183376
1 0 0 4780183056
1 100 147 4780802464
1 0 0 4476593520
-1 -100 142 4779988096
1 0 0 4779987792
1 100 77 4780183376
1 0 0 4780183056
-1 -100 146 4780802464
1 0 0 4476593520
1 100 141 4779988096
1 0 0 4779987792
-1 -100 76 4780183376
1 0 0 4780183056
1 100 145 4780802464
1 0 0 4476593520
-1 -100 140 4779988096
1 0 0 4779987792
1 100 75 4780183376
1 0 0 4780183056
-1 -100 144 4780802464
1 0 0 4476593520
1 100 139 4779988096
1 0 0 4779987792
-1 -100 74 4780183376
1 0 0 4780183056
1 100 143 4780802464
-1 -100 51 4476593520
-1 -100 138 4779988096
1 0 0 4779987792
1 100 73 4780183376
1 0 0 4780183056
-1 -100 142 4780802464
-1 0.0 50 4476593520
1 100 137 4779988096
1 0 0 4779987792
-1 -100 72 4780183376
1 0 0 4780183056
1 100 141 4780802464
-1 0.0 49 4476593520
-1 -100 136 4779988096
1 0 0 4779987792
1 100 71 4780183376
1 0 0 4780183056
-1 -100 140 4780802464
-1 0.0 48 4476593520
1 100 135 4779988096
-1 -100 75 4779987792
-1 -100 70 4780183376
1 0 0 4780183056
1 100 139 4780802464
-1 0.0 47 4476593520
-1 -100 134 4779988096
1 100 74 4779987792
1 100 69 4780183376
1 0 0 4780183056
-1 -100 138 4780802464
-1 0.0 46 4476593520
1 100 133 4779988096
-1 -0.0 73 4779987792
-1 -100 68 4780183376
1 0 0 4780183056
1 100 137 4780802464
-1 0.0 45 4476593520
-1 -100 132 4779988096
1 0.0 72 4779987792
1 100 67 4780183376
1 0 0 4780183056
-1 -100 136 4780802464
-1 0.0 44 4476593520
1 100 131 4779988096
-1 -0.0 71 4779987792
-1 -100 66 4780183376
1 0 0 4780183056
1 100 135 4780802464
-1 0.0 43 4476593520
-1 -100 130 4779988096
1 0.0 70 4779987792
1 100 65 4780183376
1 0 0 4780183056
-1 -100 134 4780802464
-1 0.0 42 4476593520
1 100 129 4779988096
-1 -0.0 69 4779987792
-1 -100 64 4780183376
1 0 0 4780183056
1 100 133 4780802464
-1 0.0 41 4476593520
-1 -100 128 4779988096
1 0.0 68 4779987792
1 100 63 4780183376
1 0 0 4780183056
-1 -100 132 4780802464
-1 0.0 40 4476593520
1 100 127 4779988096
-1 -0.0 67 4779987792
-1 -100 62 4780183376
1 0 0 4780183056
1 100 131 4780802464
-1 0.0 39 4476593520
-1 -100 126 4779988096
1 0.0 66 4779987792
1 100 61 4780183376
1 0 0 4780183056
-1 -100 130 4780802464
-1 0.0 38 4476593520
1 100 125 4779988096
-1 -0.0 65 4779987792
-1 -100 60 4780183376
1 0 0 4780183056
1 100 129 4780802464
-1 0.0 37 4476593520
-1 -100 124 4779988096
1 0.0 64 4779987792
1 100 59 4780183376
1 0 0 4780183056
-1 -100 128 4780802464
-1 0.0 36 4476593520
1 100 123 4779988096
-1 -0.0 63 4779987792
-1 -100 58 4780183376
1 0 0 4780183056
1 100 127 4780802464
-1 0.0 35 4476593520
-1 -100 122 4779988096
1 0.0 62 4779987792
1 100 57 4780183376
1 0 0 4780183056
-1 -100 126 4780802464
-1 0.0 34 4476593520
1 100 121 4779988096
-1 -0.0 61 4779987792
-1 -100 56 4780183376
1 0 0 4780183056
1 100 125 4780802464
-1 0.0 33 4476593520
-1 -100 120 4779988096
1 0.0 60 4779987792
1 100 55 4780183376
1 0 0 4780183056
-1 -100 124 4780802464
-1 0.0 32 4476593520
1 100 119 4779988096
-1 -0.0 59 4779987792
-1 -100 54 4780183376
1 0 0 4780183056
1 100 123 4780802464
-1 0.0 31 4476593520
-1 -100 118 4779988096
1 0.0 58 4779987792
1 100 53 4780183376
1 0 0 4780183056
-1 -100 122 4780802464
-1 0.0 30 4476593520
1 100 117 4779988096
-1 -0.0 57 4779987792
-1 -100 52 4780183376
1 0 0 4780183056
1 100 121 4780802464
-1 0.0 29 4476593520
-1 -100 116 4779988096
1 0.0 56 4779987792
1 100 51 4780183376
1 0 0 4780183056
-1 -100 120 4780802464
-1 0.0 28 4476593520
1 100 115 4779988096
-1 -0.0 55 4779987792
-1 -100 50 4780183376
1 0 0 4780183056
1 100 119 4780802464